(60 57 79) (90 87 112) (79 78 104) (64 66 96) (82 87 118) (71 80 114) (51 64 102) (68 84 126) (52 71 114) (34 55 100) 
(87 84 106) (75 73 95) (67 66 92) (38 41 69) (8 13 44) (32 41 74) (70 82 118) (69 84 123) (62 80 121) (57 76 119) 
(43 42 62) (79 77 99) (82 82 106) (40 44 69) (8 12 41) (5 13 43) (26 36 70) (47 61 97) (71 89 126) (87 106 144) 
(27 28 48) (51 54 75) (40 44 68) (22 27 52) (28 35 62) (21 32 60) (10 23 55) (22 37 70) (11 27 63) (38 57 92) 
(96 103 123) (77 84 104) (70 78 101) (51 61 85) (13 24 51) (14 28 56) (44 60 89) (52 70 101) (0 15 46) (20 39 72) 
(130 144 167) (155 169 192) (159 172 198) (138 153 179) (114 133 160) (89 110 138) (86 107 138) (109 130 162) (63 86 118) (70 93 125) 
(115 137 165) (178 202 230) (158 182 212) (137 162 194) (187 212 246) (166 192 228) (107 135 170) (118 146 181) (81 109 144) (63 91 126) 
(117 149 185) (177 211 247) (157 191 227) (80 116 154) (53 88 128) (55 90 130) (65 100 143) (94 129 172) (60 95 138) (25 61 101) 
(88 130 175) (97 139 184) (87 129 174) (70 114 161) (73 117 164) (76 122 170) (72 117 168) (70 116 164) (69 112 161) (69 112 161) 
(71 119 167) (82 130 178) (76 125 175) (67 116 166) (72 122 174) (76 126 178) (71 121 174) (69 119 172) (62 110 162) (62 110 162) 
